478 332 -453 428
340 -365 -113 -261
472 276 484 110
-273 46 -186 -130
32 -214 -259 -299
174 -246 62 -71
-34 300 -298 131
429 -310 -308 476
-83 -316 -417 416
-458 317 231 -135
345 -192 -46 -354
391 33 -201 -445
63 -215 150 -339
-128 -291 -165 110
306 448 13 229
-110 -311 271 -469
-419 -136 -349 294
-281 -237 -317 -256
242 -204 376 -447
-308 -133 332 -201
348 -337 -224 -346
-28 -497 -497 -469
-455 220 345 -460
-281 -303 458 184
64 -356 -44 -216
248 -429 -232 141
247 -247 -315 -295
-147 -225 -43 -68
-499 410 411 -213
-294 497 -355 -378
27 218 251 -12
-454 14 39 -490
-291 355 -111 -454
235 -149 247 272
426 461 103 -100
-361 -484 221 -300
95 429 -381 -137
163 -259 -172 -329
237 452 179 420
395 78 341 334
-446 232 -83 344
375 -197 127 -120
78 -420 -314 44
500 -35 -156 14
16 -153 -202 -389
84 7 195 -486
-445 418 235 -87
188 17 297 -103
-31 -413 -479 -396
372 -416 91 -262
199 -155 193 -418
336 214 184 355
-396 90 106 95
-90 -430 -375 -102
-367 318 441 468
-314 -204 300 189
-421 -380 95 368
115 274 -286 333
269 -491 430 483
-282 -445 133 -121
-16 408 288 461
431 464 -86 395
125 -151 -235 72
-280 36 8 109
-236 -3 181 157
311 -119 -483 99
-58 233 -341 -202
-31 36 51 -447
-402 83 -355 449
470 -269 -253 56
-363 39 469 331
40 -209 282 452
-275 172 165 -479
487 281 -328 -454
356 453 -235 317
50 -289 273 35
-336 58 196 -320
-164 79 -447 247
-18 -74 80 -48
-335 321 -105 -61
-277 -404 479 -226
-483 -395 -13 -94
-277 361 166 93
-341 -316 -121 -77
-147 -268 -184 -216
97 -334 -399 -348
166 -357 94 -117
113 310 446 -215
31 -117 395 -256
450 -205 -301 427
468 227 -361 196
-119 219 327 409
-336 350 -334 248
-146 347 -377 274
310 133 -93 -5
-336 226 261 319
492 -490 -364 312
20 231 -98 3
-452 -426 -412 232
-26 -70 -495 -96
-380 330 333 278
-284 176 313 -438
-235 -273 16 209
467 -219 170 360
-340 -197 -95 -204
450 -313 36 -414
380 -175 170 167
-451 214 461 -20
-356 352 138 432
-88 474 -328 -89
119 105 180 411
-271 286 253 -288
435 -55 -461 145
344 236 -207 44
140 163 -72 -234
119 -317 -468 38
60 -92 -416 -274
266 432 -396 354
487 -309 416 253
188 -301 175 -287
-460 353 340 452
349 478 -60 -424
156 427 -72 119
291 119 -167 207
-154 -274 -81 490
20 2 472 198
313 183 85 384
-257 363 274 -28
457 27 -183 -448
-359 -32 -236 -39
-59 -143 -301 485
-269 -331 235 191
-6 403 480 -365
86 469 -253 -79
-454 43 90 -266
-86 -344 -399 155
156 278 -490 -428
310 25 -320 -278
458 -203 465 -416
-157 -492 -105 -164
25 3 235 -317
375 -68 106 294
330 488 -438 355
51 -369 -357 250
180 20 -29 386
-428 -332 363 -178
461 -328 -177 49
-437 107 144 -458
-340 -384 -371 -301
353 243 -451 -263
-312 -103 95 227
-203 385 458 -179
-477 76 336 195
111 -249 70 237
191 -266 196 484
-248 113 402 -73
-193 -453 -212 106
-255 -348 -331 390
-368 491 158 -432
250 -172 -366 95
-332 -180 -241 168
-430 -419 197 -126
-390 -42 120 -169
-168 308 -411 343
48 -55 291 -294
-127 -486 308 -229
-458 -40 -466 361
-150 306 -455 -461
-139 -382 -315 273
-8 -295 242 -57
-303 173 -319 -317
272 -275 -343 -483
53 99 245 296
-278 -164 203 -265
-328 13 -376 -337
221 -10 448 -253
46 -229 -316 282
-458 413 -202 -380
234 204 378 -230
-269 448 -97 332
-164 -128 311 310
-76 343 241 -184
458 104 322 226
135 320 266 -202
-404 33 454 -60
-305 -308 137 -20
-347 -295 -158 -174
469 -54 -82 -335
159 491 56 -405
-151 -254 -57 168
256 264 342 491
-249 42 -47 128
-211 448 -452 -324
119 -446 294 -187
455 310 53 -481
-70 -399 -439 -429
-103 307 -287 -408
248 356 -325 60
335 -113 -345 378
-426 -268 -293 120
-21 -77 -181 65
-394 182 421 325
87 484 -241 394
353 -457 460 284
187 165 26 -483
-102 143 -45 268
242 246 37 187
42 207 310 -108
-437 -254 -383 -318
491 -62 -316 32
60 189 -36 359
98 -8 -390 440
149 -22 -87 244
-196 237 -213 -285
-466 312 -84 -337
50 -295 -347 301
-47 368 -204 -358
199 -43 170 -376
-13 -399 94 -98
15 285 -492 -376
44 -331 -276 306
347 241 -328 266
380 257 78 -77
225 -361 175 -137
-36 115 268 -149
-62 -132 15 484
-489 -262 411 286
-179 41 -482 185
142 262 344 441
-96 -444 -10 -348
42 388 -356 319
-474 346 -158 372
365 362 210 -297
-66 343 -91 -417
343 -414 49 183
-111 380 -161 -287
59 312 55 -45
25 -302 258 -395
62 -350 -495 -492
415 97 171 283
-99 389 456 -453
-390 489 345 -342
300 454 -199 -168
166 156 -335 448
-491 -410 -112 330
445 -500 86 18
-186 -126 -102 -242
-465 -26 -432 -191
347 -110 -500 -498
175 -247 186 239
453 -476 -3 250
71 299 -304 -357
78 -453 -2 -392
235 102 -154 -322
190 -376 -492 -235
